00001 1
00002 1
00003 1
00004 1
00005 1
00006 1
00007 1
00008 1
00009 1
00010 1
00011 1
00012 1
00013 1
00014 1
00015 1
00016 2
00017 1
00018 1
00019 1
00020 2
00021 1
00022 1
00023 1
00024 1
00025 1
00026 1
00027 2
00028 1
00029 1
00030 1
00031 2
00032 2
00033 2
00034 1
00035 1
00036 1
00037 1
00038 2
00039 1
00040 1
00041 1
00042 1
00043 1
00044 1
00045 1
00046 2
00047 2
00048 1
00049 1
00050 1
00051 2
00052 1
00053 1
00054 1
00055 1
00056 1
00057 1
00058 1
00059 1
00060 2
00061 1
00062 1
00063 1
00064 1
00065 1
00066 2
00067 1
00068 2
00069 2
00070 1
00071 1
00072 1
00073 1
00074 1
00075 1
00076 1
00077 1
00078 1
00079 2
00080 1
00081 1
00082 1
00083 1
00084 1
00085 1
00086 1
00087 2
00088 1
00089 1
00090 1
00091 1
00092 1
00093 2
00094 2
00095 2
00096 1
00097 2
00098 1
00099 2
00100 1
00101 1
00102 1
00103 1
00104 1
00105 1
00106 1
00107 1
00108 1
00109 1
00110 1
00111 1
00112 1
00113 1
00114 1
00115 1
00116 2
00117 1
00118 2
00119 1
00120 1
00121 1
00122 1
00123 1
00124 1
00125 2
00126 1
00127 2
00128 1
00129 2
00130 1
00131 1
00132 1
00133 2
00134 1
00135 1
00136 1
00137 1
00138 1
00139 1
00140 1
00141 1
00142 1
00143 1
00144 1
00145 1
00146 2
00147 1
00148 1
00149 1
00150 1
